40,24,13,14,31,12 + мегакулька: 9
13,11,19,02,20,05 + мегакулька: 1
18,33,30,42,03,02 + мегакулька: 5
09,10,04,07,38,35 + мегакулька: 9
06,32,08,29,22,11 + мегакулька: 6
06,07,02,22,35,39 + мегакулька: 6
18,09,36,13,21,07 + мегакулька: 8
14,30,27,38,10,13 + мегакулька: 7
27,20,01,12,37,02 + мегакулька: 4
23,37,22,19,35,41 + мегакулька: 6
18,27,16,37,28,39 + мегакулька: 4
39,32,08,20,11,05 + мегакулька: 0
25,10,28,29,27,26 + мегакулька: 9
21,39,09,17,40,01 + мегакулька: 5
03,10,09,01,39,12 + мегакулька: 9
35,16,06,28,03,18 + мегакулька: 8
42,29,08,34,16,24 + мегакулька: 3
22,25,02,11,38,07 + мегакулька: 9
38,30,01,19,20,34 + мегакулька: 5
27,38,33,24,29,07 + мегакулька: 3
38,14,18,32,01,05 + мегакулька: 6
28,30,42,15,08,14 + мегакулька: 0
37,08,06,24,03,33 + мегакулька: 7
20,27,41,26,35,24 + мегакулька: 0
40,07,18,01,16,13 + мегакулька: 8
03,01,39,38,37,25 + мегакулька: 5
17,37,01,32,26,23 + мегакулька: 3
05,06,23,01,29,10 + мегакулька: 0
05,27,36,24,20,22 + мегакулька: 9
03,02,34,21,07,28 + мегакулька: 5
15,25,29,33,32,10 + мегакулька: 1
22,42,33,41,27,01 + мегакулька: 0
12,39,40,11,28,21 + мегакулька: 0
42,30,12,34,14,24 + мегакулька: 0
16,13,26,10,35,39 + мегакулька: 6
28,03,12,23,42,40 + мегакулька: 7
02,11,04,29,06,09 + мегакулька: 3
20,08,22,21,41,10 + мегакулька: 2
03,13,17,07,35,11 + мегакулька: 2
05,01,10,19,24,42 + мегакулька: 7